1 1084
2 737
3 1244
4 2079
6 1391
7 448
8 1698
10 1561
12 244
12 316
12 333
12 383
12 401
12 408
12 613
12 730
12 783
12 793
12 800
12 941
12 1272
12 1332
12 1340
12 1406
12 1545
12 1573
12 1647
12 1656
12 1706
12 1733
12 1775
12 2113
12 2180
14 1872
15 3
15 950
15 1007
17 2177
18 5
18 208
18 1020
18 1220
18 1228
18 1388
18 1538
18 1631
18 1951
18 2217
19 1738
19 2051
19 2198
21 1088
21 1576
21 2084
21 2116
21 2249
23 85
24 5
24 208
24 1020
24 1220
24 1228
24 1388
24 1538
24 1631
24 1951
24 2217
25 767
25 1395
27 374
29 392
30 1270
30 1701
32 1370
33 1147
34 797
35 1563
37 1453
38 22
38 65
38 338
38 917
38 1876
38 1935
39 1632
40 1764
41 251
41 268
41 593
41 885
42 244
42 316
42 333
42 383
42 401
42 408
42 613
42 730
42 783
42 793
42 800
42 941
42 1048
42 1272
42 1332
42 1340
42 1406
42 1545
42 1573
42 1647
42 1656
42 1706
42 1733
42 1775
42 2113
42 2180
43 1622
46 1933
47 88
49 2233
50 394
50 642
51 1635
53 27
53 82
53 349
53 705
53 1358
53 1523
53 1684
53 1751
54 1738
54 2051
54 2198
56 151
57 27
57 82
57 349
57 705
57 1358
57 1684
57 1751
59 454
59 2104
60 1738
60 2051
60 2198
61 1432
62 259
62 1626
64 619
65 270
66 1694
67 1972
69 925
70 18
70 908
70 1625
70 1628
70 1643
70 1774
70 2005
70 2100
70 2237
71 1235
73 1095
75 155
75 326
75 379
75 864
75 1728
75 1804
75 1882
75 2034
77 1403
78 457
80 1696
81 1710
82 616
82 782
82 945
82 1780
83 1738
83 2051
83 2198
84 623
84 2103
85 70
85 201
85 1305
85 1399
85 1752
86 929
87 2173
89 375
89 1239
91 685
92 331
93 1097
95 990
97 244
97 316
97 333
97 383
97 401
97 408
97 613
97 730
97 783
97 793
97 800
97 941
97 1272
97 1332
97 1340
97 1406
97 1545
97 1573
97 1647
97 1656
97 1706
97 1733
97 1775
97 2113
97 2180
98 1301
99 1712
100 244
100 316
100 333
100 383
100 401
100 408
100 613
100 730
100 783
100 793
100 800
100 941
100 1048
100 1272
100 1332
100 1340
100 1406
100 1545
100 1573
100 1647
100 1656
100 1706
100 1733
100 1775
100 2113
100 2180
101 1154
104 1462
105 846
105 1554
105 1887
107 1772
108 183
109 1167
111 242
112 422
112 690
113 1738
113 2051
113 2198
115 1944
116 1824
117 146
117 917
117 997
119 2244
120 257
120 789
120 1938
121 1738
121 2051
121 2198
122 970
123 117
123 227
123 552
123 623
123 1027
123 1046
123 1054
123 1158
123 1248
123 1459
123 1719
123 1912
123 1948
123 2037
123 2090
123 2248
124 244
124 316
124 333
124 383
124 401
124 408
124 613
124 730
124 783
124 793
124 800
124 941
124 1048
124 1272
124 1332
124 1340
124 1406
124 1545
124 1573
124 1647
124 1656
124 1706
124 1733
124 1775
124 2113
124 2180
125 162
126 78
126 908
126 1628
126 2005
126 2100
126 2237
127 2062
128 35
128 826
128 1229
128 1502
128 2032
130 466
131 78
131 908
131 1625
131 1643
131 1774
131 2237
132 773
134 630
136 2103
138 938
138 2124
139 346
139 1313
139 1434
139 1643
139 2246
141 1233
143 1249
143 1543
144 58
144 298
144 495
144 922
144 1691
145 1738
145 2051
145 2198
147 264
147 327
147 2003
148 72
148 164
148 186
148 195
148 384
148 869
150 51
151 1180
151 1291
151 1478
154 1040
155 778
155 1598
157 222
158 2130
159 632
161 527
162 706
163 244
163 316
163 333
163 383
163 401
163 408
163 613
163 730
163 783
163 793
163 800
163 941
163 1272
163 1332
163 1340
163 1406
163 1545
163 1573
163 1647
163 1656
163 1706
163 1733
163 1775
163 2113
163 2180
164 834
165 62
165 887
165 1251
167 694
169 1769
171 1001
173 1310
174 707
176 227
177 1738
177 2051
177 2198
179 1474
180 27
180 82
180 349
180 705
180 1132
180 1358
180 1601
180 1684
180 1751
181 529
181 533
183 1781
184 510
184 683
184 837
184 1461
184 1601
184 2070
185 1738
185 2051
185 2198
186 1738
186 2051
186 2198
187 507
188 698
189 244
189 316
189 333
189 383
189 401
189 408
189 613
189 730
189 783
189 793
189 800
189 941
189 1048
189 1272
189 1332
189 1340
189 1406
189 1545
189 1573
189 1647
189 1656
189 1706
189 1733
189 1775
189 2113
189 2180
190 1954
191 766
194 0
195 1034
195 1313
195 1643
195 2246
196 307
198 522
198 1478
199 695
199 971
199 1784
200 770
202 598
202 980
202 1372
202 1452
202 1716
202 2094
203 1738
203 2051
203 2198
205 1541
206 1957
207 598
207 980
207 1372
207 1452
207 1716
207 2094
208 1850
209 824
210 3
210 950
210 1007
212 573
213 312
215 2009
216 160
216 1662
219 60
220 379
220 479
220 1046
220 1180
220 1412
220 1728
220 2034
221 369
222 788
224 232
226 145
226 265
226 732
226 1178
226 1309
227 244
227 316
227 333
227 383
227 401
227 408
227 613
227 730
227 783
227 793
227 800
227 941
227 1272
227 1332
227 1340
227 1406
227 1545
227 1573
227 1647
227 1656
227 1706
227 1733
227 1775
227 2113
227 2180
229 539
230 651
230 1042
230 1176
230 1513
230 2215
232 844
233 2160
234 243
234 673
236 1325
236 1488
236 1713
236 2016
236 2049
236 2191
238 1013
239 315
239 889
239 2075
240 32
240 65
240 1686
240 1876
240 1935
242 1321
243 373
244 1738
244 2051
244 2198
245 1738
245 2051
245 2198
246 39
247 1725
248 235
249 244
249 316
249 333
249 383
249 401
249 408
249 613
249 730
249 783
249 793
249 800
249 941
249 1048
249 1272
249 1332
249 1340
249 1406
249 1545
249 1573
249 1647
249 1656
249 1706
249 1733
249 1775
249 2113
249 2180
250 188
250 292
250 1486
251 299
252 103
252 198
252 217
252 238
252 300
252 364
252 651
252 760
252 830
252 1099
252 1776
252 2045
252 2205
252 2230
254 1795
255 845
256 244
256 316
256 333
256 383
256 401
256 408
256 613
256 730
256 783
256 793
256 800
256 941
256 1048
256 1272
256 1332
256 1340
256 1406
256 1545
256 1573
256 1647
256 1656
256 1706
256 1733
256 1775
256 2113
256 2180
257 454
257 2104
258 292
258 1486
260 601
261 1017
261 1119
263 904
264 1323
264 2005
264 2100
265 303
267 5
267 208
267 1020
267 1052
267 1220
267 1228
267 1388
267 1538
267 1554
267 1631
267 1951
267 2217
268 1738
268 2051
268 2198
270 731
270 1074
271 1325
271 1488
271 1713
271 2016
271 2049
271 2191
273 1381
275 110
276 1738
276 2051
276 2198
277 103
277 238
277 364
277 760
277 1042
277 1287
277 1584
277 1776
277 2205
279 1549
280 1196
281 367
283 1858
284 2166
286 2021
287 598
287 980
287 1372
287 1452
287 1716
287 2094
288 1079
288 2175
289 842
291 73
292 1385
292 2073
294 380
295 58
295 298
295 495
295 922
295 1691
296 1738
296 2051
296 2198
297 2033
301 549
302 427
303 1863
305 840
306 854
307 1862
307 2169
309 1837
310 1198
311 141
311 231
311 289
311 321
311 483
311 514
311 521
311 693
311 777
311 906
311 965
311 1085
311 1163
311 1227
311 1290
311 1440
311 1473
311 1481
311 1560
311 1843
311 1908
311 1958
311 2024
311 2154
311 2222
311 2236
312 2095
313 78
313 1625
313 1774
313 2026
314 382
314 1636
315 244
315 316
315 333
315 383
315 401
315 408
315 613
315 730
315 783
315 793
315 800
315 941
315 1048
315 1272
315 1332
315 1340
315 1406
315 1545
315 1573
315 1647
315 1656
315 1706
315 1733
315 1775
315 2113
315 2180
316 188
316 2086
319 140
322 443
323 198
323 300
323 651
323 1042
323 1116
323 1176
323 1513
323 1776
323 2045
323 2205
323 2230
324 2099
326 1164
327 1738
327 2051
327 2198
329 609
330 58
330 298
330 495
330 1691
331 117
331 227
331 552
331 623
331 1027
331 1046
331 1054
331 1158
331 1248
331 1459
331 1719
331 1912
331 1948
331 2037
331 2090
331 2248
333 914
334 1336
335 1738
335 2051
335 2198
336 1905
337 198
337 274
337 300
337 651
337 830
337 1042
337 1076
337 1353
337 2045
337 2230
338 117
338 227
338 552
338 623
338 1027
338 1046
338 1054
338 1158
338 1248
338 1459
338 1719
338 1912
338 1948
338 2037
338 2090
338 2248
